Read	Tile	TrimmedBases	PercentageOfBases
1	s_1_1101.bcl	156725	0.1507202	
1	s_1_1102.bcl	158943	0.1533228	
1	s_1_1103.bcl	158417	0.1516014	
1	s_1_1104.bcl	160587	0.1541313	
1	s_1_1105.bcl	159392	0.1537064	
1	s_1_1106.bcl	158145	0.1535674	
1	s_1_1107.bcl	161647	0.1522514	
1	s_1_1108.bcl	160985	0.1525569	
1	s_1_1109.bcl	158377	0.1528718	
1	s_1_1110.bcl	159775	0.1520752	
1	s_1_1111.bcl	158096	0.1519872	
1	s_1_1112.bcl	157428	0.1507235	
1	s_1_1113.bcl	161805	0.1534938	
1	s_1_1114.bcl	157874	0.1517084	
1	s_1_1115.bcl	159152	0.1535538	
1	s_1_1116.bcl	161827	0.1545308	
1	s_1_1117.bcl	157938	0.1516124	
1	s_1_1118.bcl	159615	0.1527769	
1	s_1_1119.bcl	159997	0.1531968	
1	s_1_2101.bcl	164587	0.149783	
1	s_1_2102.bcl	169026	0.149495	
1	s_1_2103.bcl	169268	0.1502539	
1	s_1_2104.bcl	166973	0.1499916	
1	s_1_2105.bcl	169462	0.1499621	
1	s_1_2106.bcl	166334	0.1489581	
1	s_1_2107.bcl	166874	0.1499469	
1	s_1_2108.bcl	170929	0.1513574	
1	s_1_2109.bcl	167466	0.1514715	
1	s_1_2110.bcl	167178	0.1506516	
1	s_1_2111.bcl	171434	0.1515046	
1	s_1_2112.bcl	165720	0.1505197	
1	s_1_2113.bcl	164093	0.1514938	
1	s_1_2114.bcl	161432	0.1485726	
1	s_1_2115.bcl	161541	0.148139	
1	s_1_2116.bcl	162552	0.1490472	
1	s_1_2117.bcl	164081	0.1495166	
1	s_1_2118.bcl	157937	0.1487047	
1	s_1_2119.bcl	163399	0.1511399	
2	s_1_1101.bcl	150359	0.1445981	
2	s_1_1102.bcl	152360	0.1469726	
2	s_1_1103.bcl	151721	0.1451935	
2	s_1_1104.bcl	151772	0.1456707	
2	s_1_1105.bcl	155944	0.1503814	
2	s_1_1106.bcl	148037	0.143752	
2	s_1_1107.bcl	149180	0.140509	
2	s_1_1108.bcl	152978	0.1449691	
2	s_1_1109.bcl	152050	0.1467647	
2	s_1_1110.bcl	151716	0.1444046	
2	s_1_1111.bcl	154146	0.1481898	
2	s_1_1112.bcl	151808	0.1453428	
2	s_1_1113.bcl	153414	0.1455338	
2	s_1_1114.bcl	146943	0.1412043	
2	s_1_1115.bcl	149211	0.1439625	
2	s_1_1116.bcl	150930	0.1441251	
2	s_1_1117.bcl	147202	0.1413064	
2	s_1_1118.bcl	144288	0.1381065	
2	s_1_1119.bcl	144432	0.1382933	
2	s_1_2101.bcl	163476	0.1487719	
2	s_1_2102.bcl	165992	0.1468116	
2	s_1_2103.bcl	165413	0.1468319	
2	s_1_2104.bcl	171446	0.1540097	
2	s_1_2105.bcl	157000	0.1389341	
2	s_1_2106.bcl	152501	0.1365701	
2	s_1_2107.bcl	154005	0.1383833	
2	s_1_2108.bcl	161728	0.14321	
2	s_1_2109.bcl	163092	0.1475153	
2	s_1_2110.bcl	167771	0.1511859	
2	s_1_2111.bcl	175231	0.1548602	
2	s_1_2112.bcl	164425	0.1493434	
2	s_1_2113.bcl	171199	0.1580542	
2	s_1_2114.bcl	161739	0.1488552	
2	s_1_2115.bcl	158618	0.1454585	
2	s_1_2116.bcl	157405	0.1443278	
2	s_1_2117.bcl	153909	0.1402475	
2	s_1_2118.bcl	151481	0.1426261	
2	s_1_2119.bcl	158721	0.1468129	

R1TrimmedLength	Frequency	
0	0	
1	0	
2	0	
3	0	
4	0	
5	0	
6	0	
7	0	
8	0	
9	0	
10	0	
11	0	
12	0	
13	0	
14	0	
15	0	
16	0	
17	0	
18	0	
19	0	
20	0	
21	0	
22	0	
23	0	
24	0	
25	0	
26	0	
27	0	
28	0	
29	0	
30	0	
31	0	
32	0	
33	0	
34	0	
35	0	
36	0	
37	0	
38	7.372918E-08	
39	7.372918E-08	
40	7.372918E-08	
41	0	
42	0	
43	0	
44	0	
45	7.372918E-08	
46	7.372918E-08	
47	7.372918E-08	
48	0	
49	1.474584E-07	
50	7.372918E-08	
51	0	
52	7.372918E-08	
53	7.372918E-08	
54	0	
55	0	
56	0	
57	0	
58	0	
59	0	
60	0	
61	0	
62	0	
63	0	
64	0	
65	0	
66	0	
67	0	
68	0	
69	0	
70	0	
71	0	
72	0	
73	0	
74	7.372918E-08	
75	0	
76	0	
77	0	
78	0	
79	0	
80	0	
81	0	
82	0	
83	0	
84	0	
85	0	
86	0	
87	0	
88	0	
89	0	
90	0	
91	0	
92	0	
93	0	
94	0	
95	0	
96	0	
97	0	
98	0	
99	0	
100	0	
101	0	
102	0	
103	0	
104	0	
105	0	
106	0	
107	0	
108	0	
109	0	
110	0	
111	0	
112	0	
113	0	
114	0	
115	0	
116	7.372918E-08	
117	0	
118	0	
119	0	
120	0	
121	0	
122	0	
123	0	
124	0	
125	0	
126	0	
127	0	
128	0	
129	0	
130	0	
131	0	
132	0	
133	0	
134	0	
135	0	
136	0	
137	0	
138	0	
139	0	
140	0	
141	0	
142	0	
143	0	
144	0	
145	0	
146	0	
147	0	
148	0	
149	0	
150	0	
151	0	
152	0	
153	0	
154	0	
155	0	
156	0	
157	0	
158	0	
159	0	
160	0	
161	0	
162	0	
163	0	
164	0	
165	0	
166	0	
167	0	
168	0	
169	0	
170	0	
171	0	
172	0	
173	0	
174	0	
175	0	
176	0	
177	0	
178	0	
179	0	
180	0	
181	0	
182	0	
183	0	
184	0	
185	0	
186	0	
187	0	
188	0	
189	0	
190	0	
191	0	
192	0	
193	0	
194	0	
195	0	
196	0	
197	0	
198	0	
199	0	
200	0	
201	0	
202	0	
203	0	
204	0	
205	0	
206	0	
207	0	
208	0	
209	0	
210	0	
211	0	
212	0	
213	0	
214	0	
215	0	
216	0	
217	0	
218	0	
219	0	
220	0	
221	0	
222	0	
223	0	
224	0	
225	0	
226	0	
227	0	
228	0	
229	0	
230	0	
231	0	
232	0	
233	0	
234	0	
235	0	
236	0	
237	0	
238	0	
239	0	
240	0	
241	0	
242	0	
243	0	
244	0	
245	0	
246	0	
247	0	
248	0	
249	0	
250	0	
251	0	
252	0	
253	0	
254	0	
255	0	
256	0	
257	0	
258	0	
259	0	
260	0	
261	0	
262	0	
263	0	
264	0	
265	0	
266	0	
267	0	
268	0	
269	0	
270	0	
271	0	
272	0	
273	0	
274	0	
275	0	
276	0	
277	0	
278	0	
279	0	
280	0	
281	0	
282	0	
283	0	
284	0	
285	0	
286	0	
287	0	
288	2.211875E-07	
289	1.474584E-07	
290	1.400854E-06	
291	1.7695E-06	
292	1.327125E-06	
293	5.455959E-06	
294	1.89484E-05	
295	5.463332E-05	
296	0.0002505317	
297	0.001857975	
298	0.009027622	
299	0.03924014	
300	0.3403874	
301	0.6091515	

R2TrimmedLength	Frequency	
0	7.372918E-08	
1	0	
2	0	
3	0	
4	0	
5	0	
6	0	
7	0	
8	0	
9	0	
10	0	
11	0	
12	0	
13	0	
14	0	
15	0	
16	0	
17	0	
18	0	
19	0	
20	0	
21	0	
22	0	
23	0	
24	0	
25	0	
26	0	
27	0	
28	0	
29	0	
30	0	
31	0	
32	0	
33	0	
34	0	
35	0	
36	0	
37	0	
38	7.372918E-08	
39	7.372918E-08	
40	7.372918E-08	
41	0	
42	0	
43	7.372918E-08	
44	0	
45	7.372918E-08	
46	7.372918E-08	
47	7.372918E-08	
48	0	
49	1.474584E-07	
50	1.474584E-07	
51	0	
52	7.372918E-08	
53	7.372918E-08	
54	0	
55	0	
56	0	
57	0	
58	0	
59	0	
60	0	
61	0	
62	0	
63	0	
64	0	
65	0	
66	0	
67	0	
68	0	
69	0	
70	0	
71	0	
72	0	
73	0	
74	0	
75	0	
76	0	
77	0	
78	0	
79	0	
80	0	
81	0	
82	0	
83	0	
84	0	
85	0	
86	0	
87	0	
88	0	
89	0	
90	0	
91	0	
92	0	
93	0	
94	0	
95	0	
96	0	
97	0	
98	0	
99	0	
100	0	
101	0	
102	0	
103	0	
104	0	
105	0	
106	0	
107	0	
108	0	
109	0	
110	0	
111	0	
112	0	
113	0	
114	0	
115	0	
116	7.372918E-08	
117	0	
118	0	
119	0	
120	0	
121	0	
122	0	
123	0	
124	0	
125	0	
126	0	
127	0	
128	0	
129	0	
130	0	
131	0	
132	0	
133	0	
134	0	
135	0	
136	0	
137	0	
138	0	
139	0	
140	0	
141	0	
142	0	
143	0	
144	0	
145	0	
146	0	
147	0	
148	0	
149	0	
150	0	
151	0	
152	0	
153	0	
154	0	
155	0	
156	0	
157	0	
158	0	
159	0	
160	0	
161	0	
162	0	
163	0	
164	0	
165	0	
166	0	
167	0	
168	0	
169	0	
170	0	
171	0	
172	0	
173	0	
174	0	
175	0	
176	0	
177	0	
178	0	
179	0	
180	0	
181	0	
182	0	
183	0	
184	0	
185	0	
186	0	
187	0	
188	0	
189	0	
190	0	
191	0	
192	0	
193	0	
194	0	
195	0	
196	0	
197	0	
198	0	
199	0	
200	0	
201	0	
202	0	
203	0	
204	0	
205	0	
206	0	
207	0	
208	0	
209	0	
210	0	
211	0	
212	0	
213	0	
214	0	
215	0	
216	0	
217	0	
218	0	
219	0	
220	0	
221	0	
222	0	
223	0	
224	0	
225	0	
226	0	
227	0	
228	0	
229	0	
230	0	
231	0	
232	0	
233	0	
234	0	
235	0	
236	0	
237	0	
238	0	
239	0	
240	0	
241	0	
242	0	
243	0	
244	0	
245	0	
246	0	
247	0	
248	0	
249	0	
250	0	
251	0	
252	0	
253	0	
254	0	
255	0	
256	0	
257	0	
258	0	
259	0	
260	0	
261	0	
262	0	
263	0	
264	0	
265	0	
266	0	
267	0	
268	0	
269	0	
270	0	
271	0	
272	0	
273	0	
274	0	
275	0	
276	0	
277	0	
278	0	
279	0	
280	0	
281	0	
282	0	
283	0	
284	0	
285	0	
286	0	
287	0	
288	7.372918E-08	
289	7.372918E-08	
290	1.622042E-06	
291	1.327125E-06	
292	1.990688E-06	
293	2.506792E-06	
294	3.959257E-05	
295	6.753593E-05	
296	0.0004733413	
297	0.002216446	
298	0.01144955	
299	0.02235491	
300	0.3461583	
301	0.6172316	
