Read	Tile	TrimmedBases	PercentageOfBases
1	s_1_1101.bcl	194432	0.134634	
1	s_1_1102.bcl	191260	0.1326557	
1	s_1_1103.bcl	189015	0.1319717	
1	s_1_1104.bcl	189803	0.1332108	
1	s_1_1105.bcl	192661	0.1338151	
1	s_1_1106.bcl	187193	0.1315895	
1	s_1_1107.bcl	190808	0.1333962	
1	s_1_1108.bcl	192164	0.1338828	
1	s_1_1109.bcl	191387	0.1332735	
1	s_1_1110.bcl	191501	0.1328433	
1	s_1_1111.bcl	192276	0.1322408	
1	s_1_1112.bcl	191303	0.1329494	
1	s_1_1113.bcl	192519	0.1333824	
1	s_1_1114.bcl	188507	0.1311122	
1	s_1_1115.bcl	192112	0.1320627	
1	s_1_1116.bcl	194048	0.1331657	
1	s_1_1117.bcl	192468	0.133118	
1	s_1_1118.bcl	201289	0.1402067	
1	s_1_1119.bcl	191961	0.1331077	
1	s_1_2101.bcl	205362	0.1334393	
1	s_1_2102.bcl	208165	0.1342325	
1	s_1_2103.bcl	207538	0.1353456	
1	s_1_2104.bcl	210777	0.1370187	
1	s_1_2105.bcl	202123	0.1341572	
1	s_1_2106.bcl	207255	0.1352547	
1	s_1_2107.bcl	208532	0.1358064	
1	s_1_2108.bcl	217488	0.1417638	
1	s_1_2109.bcl	207255	0.1377267	
1	s_1_2110.bcl	209788	0.1365623	
1	s_1_2111.bcl	209286	0.1378633	
1	s_1_2112.bcl	205954	0.136153	
1	s_1_2113.bcl	200784	0.1334292	
1	s_1_2114.bcl	206137	0.1355392	
1	s_1_2115.bcl	206821	0.1360437	
1	s_1_2116.bcl	215910	0.1393775	
1	s_1_2117.bcl	208554	0.1372793	
1	s_1_2118.bcl	206102	0.1371954	
1	s_1_2119.bcl	207607	0.137109	
2	s_1_1101.bcl	217716	0.1507569	
2	s_1_1102.bcl	223969	0.1553422	
2	s_1_1103.bcl	220763	0.1541384	
2	s_1_1104.bcl	219527	0.1540722	
2	s_1_1105.bcl	224064	0.1556265	
2	s_1_1106.bcl	217770	0.1530839	
2	s_1_1107.bcl	220619	0.1542375	
2	s_1_1108.bcl	223239	0.155533	
2	s_1_1109.bcl	221517	0.1542547	
2	s_1_1110.bcl	222591	0.1544103	
2	s_1_1111.bcl	224585	0.1544619	
2	s_1_1112.bcl	222398	0.1545595	
2	s_1_1113.bcl	220633	0.1528606	
2	s_1_1114.bcl	217439	0.1512352	
2	s_1_1115.bcl	223326	0.15352	
2	s_1_1116.bcl	224118	0.1538013	
2	s_1_1117.bcl	221697	0.1533339	
2	s_1_1118.bcl	226708	0.1579122	
2	s_1_1119.bcl	217410	0.1507543	
2	s_1_2101.bcl	225791	0.1467136	
2	s_1_2102.bcl	242095	0.1561119	
2	s_1_2103.bcl	241433	0.1574502	
2	s_1_2104.bcl	243655	0.1583915	
2	s_1_2105.bcl	234947	0.1559438	
2	s_1_2106.bcl	240891	0.1572056	
2	s_1_2107.bcl	244928	0.1595093	
2	s_1_2108.bcl	253767	0.1654113	
2	s_1_2109.bcl	237203	0.1576279	
2	s_1_2110.bcl	242393	0.1577866	
2	s_1_2111.bcl	238170	0.15689	
2	s_1_2112.bcl	237722	0.1571543	
2	s_1_2113.bcl	233795	0.1553663	
2	s_1_2114.bcl	234647	0.1542851	
2	s_1_2115.bcl	237426	0.1561752	
2	s_1_2116.bcl	246390	0.1590534	
2	s_1_2117.bcl	242247	0.1594575	
2	s_1_2118.bcl	239919	0.1597062	
2	s_1_2119.bcl	241081	0.1592161	

R1TrimmedLength	Frequency	
0	2.222874E-05	
1	0	
2	0	
3	0	
4	0	
5	0	
6	0	
7	0	
8	0	
9	0	
10	0	
11	0	
12	0	
13	0	
14	0	
15	0	
16	0	
17	0	
18	0	
19	0	
20	0	
21	0	
22	0	
23	0	
24	0	
25	0	
26	0	
27	0	
28	0	
29	0	
30	0	
31	0	
32	0	
33	0	
34	0	
35	0	
36	0	
37	0	
38	0	
39	0	
40	0	
41	5.343448E-08	
42	0	
43	2.671724E-07	
44	5.343448E-08	
45	9.618207E-07	
46	0	
47	0	
48	3.740413E-07	
49	1.015255E-06	
50	3.206069E-07	
51	5.877793E-07	
52	1.06869E-07	
53	5.343448E-08	
54	5.343448E-08	
55	0	
56	1.06869E-07	
57	1.06869E-07	
58	0	
59	1.06869E-07	
60	1.603034E-07	
61	2.137379E-07	
62	0	
63	0	
64	0	
65	1.06869E-07	
66	1.06869E-07	
67	2.137379E-07	
68	0	
69	0	
70	5.343448E-08	
71	0	
72	0	
73	0	
74	0	
75	0	
76	0	
77	0	
78	0	
79	0	
80	0	
81	5.343448E-08	
82	0	
83	5.343448E-08	
84	5.343448E-08	
85	0	
86	0	
87	0	
88	5.343448E-08	
89	5.343448E-08	
90	0	
91	0	
92	0	
93	0	
94	0	
95	0	
96	0	
97	0	
98	0	
99	0	
100	0	
101	0	
102	0	
103	0	
104	0	
105	0	
106	0	
107	0	
108	0	
109	0	
110	0	
111	0	
112	0	
113	0	
114	0	
115	0	
116	0	
117	0	
118	0	
119	0	
120	0	
121	0	
122	0	
123	0	
124	0	
125	0	
126	5.343448E-08	
127	0	
128	3.740413E-07	
129	1.06869E-07	
130	3.847283E-06	
131	0	
132	2.137379E-07	
133	5.343448E-07	
134	5.343448E-07	
135	5.343448E-08	
136	0	
137	1.06869E-07	
138	0	
139	5.343448E-08	
140	5.343448E-08	
141	0	
142	0	
143	0	
144	0	
145	0	
146	0	
147	0	
148	0	
149	0	
150	0	
151	0	
152	0	
153	0	
154	0	
155	0	
156	0	
157	0	
158	0	
159	0	
160	0	
161	0	
162	0	
163	0	
164	0	
165	0	
166	0	
167	0	
168	0	
169	0	
170	0	
171	5.343448E-08	
172	1.06869E-07	
173	0	
174	5.343448E-08	
175	1.06869E-07	
176	0	
177	5.343448E-08	
178	0	
179	0	
180	0	
181	0	
182	0	
183	0	
184	0	
185	5.343448E-08	
186	0	
187	0	
188	0	
189	0	
190	0	
191	0	
192	0	
193	0	
194	5.343448E-08	
195	0	
196	0	
197	0	
198	0	
199	0	
200	0	
201	0	
202	0	
203	0	
204	0	
205	0	
206	0	
207	1.603034E-07	
208	0	
209	2.137379E-07	
210	0	
211	0	
212	5.343448E-08	
213	0	
214	0	
215	0	
216	0	
217	0	
218	0	
219	0	
220	0	
221	0	
222	0	
223	0	
224	0	
225	0	
226	0	
227	0	
228	0	
229	0	
230	0	
231	0	
232	0	
233	2.137379E-07	
234	1.603034E-07	
235	1.06869E-07	
236	5.343448E-08	
237	2.137379E-07	
238	1.06869E-07	
239	1.06869E-07	
240	0	
241	0	
242	0	
243	0	
244	0	
245	0	
246	0	
247	0	
248	2.671724E-07	
249	0	
250	2.137379E-07	
251	0	
252	1.06869E-07	
253	1.06869E-07	
254	5.343448E-08	
255	0	
256	0	
257	0	
258	0	
259	0	
260	0	
261	0	
262	0	
263	0	
264	0	
265	0	
266	1.06869E-07	
267	0	
268	0	
269	0	
270	0	
271	0	
272	0	
273	1.06869E-07	
274	3.206069E-07	
275	0	
276	0	
277	6.946482E-07	
278	0	
279	0	
280	0	
281	0	
282	0	
283	5.343448E-08	
284	0	
285	0	
286	3.740413E-07	
287	5.877793E-07	
288	1.015255E-06	
289	2.885462E-06	
290	9.618207E-07	
291	2.404552E-06	
292	1.923641E-06	
293	3.045765E-06	
294	1.458761E-05	
295	4.584678E-05	
296	0.0001976007	
297	0.001065003	
298	0.009575726	
299	0.06084649	
300	0.2405746	
301	0.6876296	

R2TrimmedLength	Frequency	
0	2.292339E-05	
1	0	
2	0	
3	0	
4	0	
5	0	
6	0	
7	0	
8	0	
9	0	
10	0	
11	0	
12	0	
13	0	
14	0	
15	0	
16	0	
17	0	
18	0	
19	0	
20	0	
21	0	
22	0	
23	0	
24	0	
25	0	
26	0	
27	0	
28	0	
29	0	
30	0	
31	0	
32	0	
33	0	
34	0	
35	5.343448E-08	
36	5.343448E-08	
37	0	
38	5.343448E-08	
39	5.343448E-08	
40	0	
41	0	
42	0	
43	0	
44	5.343448E-08	
45	0	
46	0	
47	0	
48	0	
49	0	
50	5.343448E-08	
51	0	
52	0	
53	0	
54	0	
55	0	
56	0	
57	0	
58	0	
59	0	
60	0	
61	0	
62	0	
63	0	
64	0	
65	0	
66	0	
67	0	
68	0	
69	0	
70	0	
71	0	
72	0	
73	0	
74	0	
75	0	
76	5.343448E-08	
77	4.274758E-07	
78	1.06869E-07	
79	0	
80	0	
81	5.343448E-08	
82	1.06869E-07	
83	1.228993E-06	
84	5.343448E-08	
85	0	
86	0	
87	0	
88	0	
89	0	
90	0	
91	0	
92	0	
93	0	
94	0	
95	0	
96	0	
97	0	
98	0	
99	0	
100	0	
101	1.603034E-07	
102	0	
103	0	
104	0	
105	2.671724E-07	
106	5.343448E-08	
107	1.603034E-07	
108	1.06869E-07	
109	5.343448E-08	
110	5.343448E-08	
111	2.137379E-07	
112	0	
113	5.343448E-08	
114	0	
115	5.343448E-08	
116	5.343448E-08	
117	5.343448E-08	
118	0	
119	2.137379E-07	
120	1.06869E-07	
121	5.343448E-08	
122	5.343448E-08	
123	0	
124	0	
125	0	
126	0	
127	0	
128	0	
129	0	
130	0	
131	0	
132	0	
133	0	
134	0	
135	0	
136	0	
137	0	
138	0	
139	0	
140	0	
141	0	
142	0	
143	0	
144	0	
145	0	
146	0	
147	0	
148	0	
149	0	
150	0	
151	0	
152	0	
153	0	
154	0	
155	0	
156	0	
157	0	
158	0	
159	0	
160	1.06869E-07	
161	0	
162	1.06869E-07	
163	0	
164	0	
165	0	
166	0	
167	0	
168	0	
169	0	
170	0	
171	0	
172	0	
173	0	
174	0	
175	0	
176	0	
177	0	
178	0	
179	2.137379E-07	
180	0	
181	2.137379E-07	
182	0	
183	0	
184	0	
185	0	
186	0	
187	0	
188	0	
189	0	
190	0	
191	0	
192	0	
193	0	
194	0	
195	0	
196	0	
197	0	
198	0	
199	0	
200	0	
201	5.343448E-08	
202	0	
203	0	
204	0	
205	0	
206	5.343448E-08	
207	0	
208	0	
209	5.343448E-08	
210	0	
211	0	
212	0	
213	0	
214	2.137379E-07	
215	0	
216	0	
217	0	
218	0	
219	9.083861E-07	
220	5.877793E-07	
221	4.274758E-07	
222	6.946482E-07	
223	4.809103E-07	
224	1.603034E-07	
225	5.343448E-08	
226	5.343448E-08	
227	4.809103E-07	
228	4.809103E-07	
229	5.343448E-08	
230	0	
231	0	
232	0	
233	0	
234	0	
235	0	
236	0	
237	0	
238	0	
239	0	
240	0	
241	0	
242	0	
243	0	
244	0	
245	0	
246	0	
247	0	
248	0	
249	0	
250	0	
251	0	
252	0	
253	0	
254	0	
255	0	
256	0	
257	0	
258	0	
259	0	
260	0	
261	0	
262	0	
263	0	
264	0	
265	0	
266	0	
267	0	
268	0	
269	0	
270	0	
271	0	
272	0	
273	0	
274	1.06869E-07	
275	1.603034E-07	
276	4.274758E-07	
277	1.603034E-07	
278	8.549517E-07	
279	0	
280	1.603034E-07	
281	3.740413E-07	
282	2.671724E-07	
283	2.671724E-07	
284	5.343448E-08	
285	0	
286	0	
287	5.343448E-08	
288	3.206069E-07	
289	3.740413E-07	
290	1.122124E-06	
291	1.977076E-06	
292	5.877793E-07	
293	1.763338E-06	
294	3.922091E-05	
295	3.938121E-05	
296	0.0005109939	
297	0.001135857	
298	0.008132781	
299	0.01924977	
300	0.3897003	
301	0.5811504	
